%YAML:1.0
---

cameraMatrix: !!opencv-matrix
   rows: 3
   cols: 3
   dt: f
   data: [ 4417.37388810421, 0., 959.198189299046, 0.,
       4415.92619590643, 601.981701715251, 0., 0., 1. ]
distCoeffs: !!opencv-matrix
   rows: 5
   cols: 1
   dt: f
   data: [-0.0950350763574052, 0.256700887178309, 0, 0, 5.41336780064009 ]

