%YAML:1.0
---

cameraMatrix: !!opencv-matrix
   rows: 3
   cols: 3
   dt: f
   data: [ 4328.54769903027, 0., 953.296525962873, 0.,
       4327.92239092751, 596.022563838467, 0., 0., 1. ]
distCoeffs: !!opencv-matrix
   rows: 5
   cols: 1
   dt: f
   data: [-0.161633863071591, 2.93113508878021, 0, 0, -40.4793454220120 ]

