%YAML:1.0
---

cameraMatrix: !!opencv-matrix
   rows: 3
   cols: 3
   dt: f
   data: [ 4498.00556086598, 0., 943.731468364593, 0.,
       4496.11158132512, 571.454849567490, 0., 0., 1. ]
distCoeffs: !!opencv-matrix
   rows: 5
   cols: 1
   dt: f
   data: [-0.126716114174290, 0.216349463715534, 0, 0, 9.48805536753527 ]

