%YAML:1.0
---

cameraMatrix: !!opencv-matrix
   rows: 3
   cols: 3
   dt: f
   data: [ 4310.21718527900, 0., 956.677556844088, 0.,
       4309.07944953701, 596.812680411273, 0., 0., 1. ]
distCoeffs: !!opencv-matrix
   rows: 5
   cols: 1
   dt: f
   data: [-0.104101785137424, 1.61772804858254, 0, 0, -15.7147419212848 ]

