%YAML:1.0
---

cameraMatrix: !!opencv-matrix
   rows: 3
   cols: 3
   dt: f
   data: [ 4346.83796377924, 0., 967.328675620921, 0.,
       4346.20992191828, 601.112343926013, 0., 0., 1. ]
distCoeffs: !!opencv-matrix
   rows: 5
   cols: 1
   dt: f
   data: [-0.0894297995098306, -0.313812332015565, 0, 0, 15.4638676648593 ]

