%YAML:1.0
---

cameraMatrix: !!opencv-matrix
   rows: 3
   cols: 3
   dt: f
   data: [ 4524.00463211405, 0., 973.465150470239, 0.,
       4521.77652835583, 603.798457620367, 0., 0., 1. ]
distCoeffs: !!opencv-matrix
   rows: 5
   cols: 1
   dt: f
   data: [-0.125228310120650, -1.17495491852996, 0, 0, 28.3874783441902 ]

